[gd_scene load_steps=8 format=2]

[ext_resource path="res://MainGameNode.gd" type="Script" id=2]
[ext_resource path="res://assets/tuba.tscn" type="PackedScene" id=4]

[sub_resource type="CubeMesh" id=1]
size = Vector3( 60, 2, 60 )

[sub_resource type="BoxShape" id=2]
extents = Vector3( 30, 1, 30 )

[sub_resource type="BoxShape" id=3]
extents = Vector3( 0.2, 0.8, 3 )

[sub_resource type="CubeMesh" id=4]
size = Vector3( 0.4, 1.6, 6 )

[sub_resource type="Skin" id=6]

[node name="Main" type="Node"]
script = ExtResource( 2 )

[node name="Camera" type="Camera" parent="."]
transform = Transform( -0.0608305, 0.119587, -0.990958, 0.0172358, 0.992775, 0.118749, 0.997999, -0.00985643, -0.0624522, -3.08534, 1.65078, 0 )

[node name="TubaMesh" type="MeshInstance" parent="."]
transform = Transform( 1, 0, 0, 0, 1, 0, 0, 0, 1, 0, -1, -0.225541 )
mesh = SubResource( 1 )
material/0 = null

[node name="tuba" parent="TubaMesh" instance=ExtResource( 4 )]
transform = Transform( 0.808555, 0.0321287, -0.587543, -2.98023e-08, 0.998508, 0.0546016, 0.588421, -0.0441484, 0.807349, 0.377917, 1.15224, -0.0762242 )

[node name="Ground" type="StaticBody" parent="."]
transform = Transform( 1, 0, 0, 0, 1, 0, 0, 0, 1, 0, -1, 0 )

[node name="Collision Shape" type="CollisionShape" parent="Ground"]
shape = SubResource( 2 )

[node name="DirectionalLight" type="DirectionalLight" parent="."]
transform = Transform( 1, 0, 0, 0, 0.703903, 0.710296, 0, -0.710296, 0.703903, 0, 5.08327, 0 )
shadow_enabled = true

[node name="Bar" type="StaticBody" parent="."]

[node name="CollisionShape" type="CollisionShape" parent="Bar"]
transform = Transform( 1, 0, 0, 0, 1, 0, 0, 0, 1, 1, 0.6, 0 )
shape = SubResource( 3 )

[node name="BarMesh" type="MeshInstance" parent="Bar"]
transform = Transform( 1, 0, 0, 0, 1, 0, 0, 0, 1, 1, 0.6, 0 )
mesh = SubResource( 4 )
skin = SubResource( 6 )
material/0 = null

[node name="Bar2" type="StaticBody" parent="."]
transform = Transform( 1, 0, 0, 0, 1, 0, 0, 0, 1, 4.43696, 0, 0 )

[node name="CollisionShape" type="CollisionShape" parent="Bar2"]
transform = Transform( 1, 0, 0, 0, 1, 0, 0, 0, 1, 1, 0.6, 0 )
shape = SubResource( 3 )

[node name="WallMesh" type="MeshInstance" parent="Bar2"]
transform = Transform( 1, 0, 0, 0, 10, 0, 0, 0, 10, 1, 0.6, 0 )
mesh = SubResource( 4 )
skin = SubResource( 6 )
material/0 = null
