[gd_scene load_steps=16 format=2]

[ext_resource path="res://Area.gd" type="Script" id=1]
[ext_resource path="res://MainGameNode.gd" type="Script" id=2]
[ext_resource path="res://TubaSpatial.gd" type="Script" id=3]
[ext_resource path="res://assets/tuba.tscn" type="PackedScene" id=4]
[ext_resource path="res://TubaMesh.gd" type="Script" id=5]
[ext_resource path="res://bar.glb" type="PackedScene" id=6]
[ext_resource path="res://HUD.tscn" type="PackedScene" id=7]
[ext_resource path="res://assets/texture_bricks.jpg" type="Texture" id=8]

[sub_resource type="CubeMesh" id=1]
size = Vector3( 60, 2, 60 )

[sub_resource type="SphereShape" id=2]

[sub_resource type="BoxShape" id=3]
extents = Vector3( 30, 1, 30 )

[sub_resource type="BoxShape" id=4]
extents = Vector3( 0.2, 0.8, 3 )

[sub_resource type="CubeMesh" id=5]
size = Vector3( 0.4, 1.6, 6 )

[sub_resource type="Skin" id=6]

[sub_resource type="SpatialMaterial" id=7]
albedo_texture = ExtResource( 8 )
uv1_scale = Vector3( 40, 8, 1 )

[node name="Main" type="Node"]
script = ExtResource( 2 )

[node name="Camera" type="Camera" parent="."]
transform = Transform( -0.0608305, 0.119587, -0.990958, 0.0172358, 0.992775, 0.118748, 0.997999, -0.00985646, -0.0624522, -3.44314, 2.22849, 0 )

[node name="TubaSpatial" type="Spatial" parent="."]
script = ExtResource( 3 )

[node name="TubaMesh" type="MeshInstance" parent="TubaSpatial"]
transform = Transform( 1, 0, 0, 0, 1, 0, 0, 0, 1, 0, -1.03525, -0.225541 )
mesh = SubResource( 1 )
material/0 = null
script = ExtResource( 5 )

[node name="tuba" parent="TubaSpatial/TubaMesh" instance=ExtResource( 4 )]
transform = Transform( 0.808555, 0.0321287, -0.587543, -2.98023e-08, 0.998508, 0.0546016, 0.588421, -0.0441484, 0.807349, 0.377917, 1.15224, -0.0762242 )

[node name="Area" type="Area" parent="TubaSpatial/TubaMesh"]
transform = Transform( 1, 0, 0, 0, 1, 0, 0, 0, 1, 0.0803518, 1.46399, -0.390799 )
script = ExtResource( 1 )

[node name="CollisionShape" type="CollisionShape" parent="TubaSpatial/TubaMesh/Area"]
shape = SubResource( 2 )

[node name="Ground" type="StaticBody" parent="."]
transform = Transform( 1, 0, 0, 0, 1, 0, 0, 0, 1, 0, -1, 0 )

[node name="Collision Shape" type="CollisionShape" parent="Ground"]
shape = SubResource( 3 )

[node name="DirectionalLight" type="DirectionalLight" parent="."]
transform = Transform( 1, 0, 0, 0, 0.703903, 0.710296, 0, -0.710296, 0.703903, 0, 5.08327, 0 )
shadow_enabled = true

[node name="Bar" type="StaticBody" parent="."]

[node name="CollisionShape" type="CollisionShape" parent="Bar"]
transform = Transform( 1, 0, 0, 0, 1, 0, 0, 0, 1, 1, 0.6, 0 )
shape = SubResource( 4 )

[node name="bar" parent="Bar" instance=ExtResource( 6 )]
transform = Transform( 2.38498e-09, 0, -0.2, 0, 0.2, 0, 0.2, 0, 2.38498e-09, 1.2664, 0.803675, -0.173548 )

[node name="Background" type="StaticBody" parent="."]
transform = Transform( 1, 0, 0, 0, 1, 0, 0, 0, 1, 4.43696, 0, 0 )

[node name="CollisionShape" type="CollisionShape" parent="Background"]
transform = Transform( 1, 0, 0, 0, 1, 0, 0, 0, 1, 1, 0.6, 0 )
shape = SubResource( 4 )

[node name="WallMesh" type="MeshInstance" parent="Background"]
transform = Transform( 1, 0, 0, 0, 10, 0, 0, 0, 10, 1, 0.6, 0 )
mesh = SubResource( 5 )
skin = SubResource( 6 )
material/0 = SubResource( 7 )

[node name="HUD" parent="." instance=ExtResource( 7 )]
[connection signal="input_event" from="TubaSpatial/TubaMesh/Area" to="TubaSpatial" method="_on_Area_input_event"]
