[gd_scene load_steps=7 format=2]

[ext_resource path="res://assets/tuba.dae" type="PackedScene" id=1]
[ext_resource path="res://Tuba.gd" type="Script" id=3]
[ext_resource path="res://assets/tuba.tscn" type="PackedScene" id=4]

[sub_resource type="BoxShape" id=1]
extents = Vector3( 30, 1, 30 )

[sub_resource type="CubeMesh" id=2]
size = Vector3( 60, 2, 60 )

[sub_resource type="SphereShape" id=3]
radius = 0.45

[node name="Main" type="Node"]

[node name="Camera" type="Camera" parent="."]
transform = Transform( 0.0685274, 0.117314, -0.990728, 0.0172358, 0.992775, 0.118748, 0.9975, -0.0252135, 0.0660103, -2.06075, 0.724806, 0 )

[node name="Ground" type="StaticBody" parent="."]
transform = Transform( 1, 0, 0, 0, 1, 0, 0, 0, 1, 0, -1, 0 )

[node name="Collision Shape" type="CollisionShape" parent="Ground"]
shape = SubResource( 1 )

[node name="TubaMesh" type="MeshInstance" parent="Ground"]
transform = Transform( 1, 0, 0, 0, 1, 0, 0, 0, 1, 0, 0, -0.225541 )
mesh = SubResource( 2 )
material/0 = null

[node name="tuba" parent="Ground/TubaMesh" instance=ExtResource( 4 )]
transform = Transform( 0.808555, 0.0321287, -0.587543, 0, 0.998508, 0.0546016, 0.588421, -0.0441484, 0.807349, 0.377917, 1.15224, -0.0762243 )

[node name="DirectionalLight" type="DirectionalLight" parent="."]
transform = Transform( 1, 0, 0, 0, 0.703903, 0.710296, 0, -0.710296, 0.703903, 0, 5.08327, 0 )
shadow_enabled = true

[node name="Tuba-weird" type="KinematicBody" parent="."]
transform = Transform( 1, 0, 0, 0, 1, 0, 0, 0, 1, 0, 0.147055, 0 )
script = ExtResource( 3 )

[node name="Pivot" type="Spatial" parent="Tuba-weird"]

[node name="tuba" parent="Tuba-weird/Pivot" instance=ExtResource( 1 )]

[node name="CollisionShape" type="CollisionShape" parent="Tuba-weird"]
transform = Transform( 1, 0, 0, 0, 1, 0, 0, 0, 1, -0.303087, 0.262284, 0 )
shape = SubResource( 3 )
