[gd_scene load_steps=5 format=2]

[ext_resource path="res://MainGameNode.gd" type="Script" id=2]
[ext_resource path="res://assets/tuba.tscn" type="PackedScene" id=4]

[sub_resource type="CubeMesh" id=1]
size = Vector3( 60, 2, 60 )

[sub_resource type="BoxShape" id=2]
extents = Vector3( 30, 1, 30 )

[node name="Main" type="Node"]
script = ExtResource( 2 )

[node name="Camera" type="Camera" parent="."]
transform = Transform( 0.0685274, 0.117314, -0.990728, 0.0172358, 0.992775, 0.118748, 0.9975, -0.0252135, 0.0660103, -2.06075, 0.724806, 0 )

[node name="TubaMesh" type="MeshInstance" parent="."]
transform = Transform( 1, 0, 0, 0, 1, 0, 0, 0, 1, 0, -1, -0.225541 )
mesh = SubResource( 1 )
material/0 = null

[node name="tuba" parent="TubaMesh" instance=ExtResource( 4 )]
transform = Transform( 0.808555, 0.0321287, -0.587543, -2.98023e-08, 0.998508, 0.0546016, 0.588421, -0.0441484, 0.807349, 0.377917, 1.15224, -0.0762242 )

[node name="Ground" type="StaticBody" parent="."]
transform = Transform( 1, 0, 0, 0, 1, 0, 0, 0, 1, 0, -1, 0 )

[node name="Collision Shape" type="CollisionShape" parent="Ground"]
shape = SubResource( 2 )

[node name="DirectionalLight" type="DirectionalLight" parent="."]
transform = Transform( 1, 0, 0, 0, 0.703903, 0.710296, 0, -0.710296, 0.703903, 0, 5.08327, 0 )
shadow_enabled = true
